==SOLUCAO
(5, 3) - (3, 3)
(4, 5) - (4, 3)
(6, 4) - (4, 4)
(6, 2) - (6, 4)
(4, 3) - (4, 5)
(4, 6) - (4, 4)
(4, 2) - (6, 2)
(4, 0) - (4, 2)
(3, 4) - (5, 4)
(6, 4) - (4, 4)
(3, 6) - (3, 4)
(3, 4) - (5, 4)
(3, 2) - (3, 4)
(3, 0) - (3, 2)
(3, 2) - (5, 2)
(6, 2) - (4, 2)
(2, 4) - (4, 4)
(5, 4) - (3, 4)
(2, 6) - (2, 4)
(1, 2) - (3, 2)
(2, 3) - (2, 5)
(2, 0) - (2, 2)
(0, 4) - (2, 4)
(3, 4) - (1, 4)
(0, 2) - (0, 4)
(0, 4) - (2, 4)
(2, 5) - (2, 3)
(2, 3) - (2, 1)
(4, 2) - (2, 2)
(2, 1) - (2, 3)
FINAL (2, 3) - (0, 3)
